-7.621737 -9.948067 o 0.0
-24.563072 14.36484 x 0.1
-23.101234 17.402178 x 0.2
-4.188581 -12.954499 o 0.3
20.533518 -2.9663055 o 0.4
-4.9988823 -12.638165 o 0.5
17.319729 -6.829282 o 0.6
23.809471 1.1160882 o 0.7
-26.583405 19.131756 o 0.8
29.697062 11.015551 o 0.9
21.067787 -4.4693313 o 0.0
-4.336331 -11.131665 o 0.1
11.367405 -9.788677 o 0.2
28.42265 6.2381887 o 0.3
-17.518925 1.0117853 o 0.4
-8.650483 -9.151547 x 0.5
-20.716124 11.845424 o 0.6
1.6254709 -14.864054 o 0.7
-19.483381 5.0328407 x 0.8
24.840195 2.4206808 o 0.9
23.475288 1.0506607 o 0.0
8.175928 -12.073643 o 0.1
-9.892465 -7.7680736 x 0.2
-23.181438 15.758896 o 0.3
-19.873014 10.559914 o 0.4
-7.8769946 -8.190462 x 0.5
-25.052734 19.027132 x 0.6
22.809593 0.4686873 o 0.7
-3.7362404 -12.483513 o 0.8
20.304974 -4.446541 o 0.9
-26.363825 18.652897 x 0.0
30.490591 11.615735 o 0.1
-18.380743 3.2635486 x 0.2
23.656246 4.3923683 o 0.3
-12.407772 -8.221122 o 0.4
-12.379432 -6.45383 o 0.5
9.3222475 -10.657167 o 0.6
22.680101 0.5813596 o 0.7
-23.768084 7.7283726 x 0.8
-7.6047583 -11.513072 o 0.9
13.715819 -11.346333 o 0.0
-15.433693 -5.1327763 o 0.1
-20.087816 4.668487 x 0.2
-10.068052 -7.8413587 o 0.3
30.7932 11.339433 o 0.4
-26.651058 20.990852 x 0.5
-19.904541 2.849327 o 0.6
-2.1307065 -13.272701 o 0.7
19.27275 -6.0712523 o 0.8
21.536879 -1.3607266 o 0.9
-23.985563 18.722914 x 0.0
-27.095741 21.075354 x 0.1
-4.6055684 -11.615258 o 0.2
-19.424267 8.905172 x 0.3
-21.777338 13.301961 x 0.4
13.601766 -12.313156 o 0.5
-15.933575 1.2249782 x 0.6
-9.198008 -9.680944 o 0.7
-8.472416 -10.212917 x 0.8
-19.155113 4.0953345 x 0.9
23.551014 -0.35223144 o 0.0
12.423424 -9.106796 o 0.1
11.827147 -12.863488 o 0.2
-24.61815 15.018159 x 0.3
-22.907726 9.0938835 o 0.4
23.571203 3.6918175 o 0.5
24.209158 1.056095 o 0.6
-10.468193 -7.936518 o 0.7
-3.058068 -12.019474 o 0.8
28.15019 8.096515 o 0.9
24.63426 1.101143 o 0.0
-23.518177 16.623884 x 0.1
-22.74887 8.106055 x 0.2
27.92286 5.7903414 o 0.3
24.983568 1.7763131 o 0.4
-25.985342 14.619317 o 0.5
-24.308529 15.032483 x 0.6
1.1837405 -13.902142 o 0.7
5.115943 -12.848746 o 0.8
12.288419 -8.134324 o 0.9
-4.981459 -11.897471 o 0.0
23.798998 3.4549541 o 0.1
-26.80288 19.832506 x 0.2
1.1021237 -14.414829 o 0.3
27.005062 4.6402993 o 0.4
4.723729 -11.272156 x 0.5
20.77443 -2.5843484 o 0.6
16.222359 -8.3322315 o 0.7
7.055329 -11.1365385 o 0.8
2.1137543 -14.200803 o 0.9
16.258656 -8.057636 o 0.0
-22.153065 9.695106 x 0.1
22.837818 -1.5304449 o 0.2
23.323889 0.042351697 o 0.3
6.0527663 -13.760645 o 0.4
-11.515484 -6.0134835 o 0.5
-14.933281 -3.352364 x 0.6
12.507811 -7.7908854 o 0.7
-7.307444 -10.849562 o 0.8
6.654253 -11.584366 o 0.9
-8.327727 -11.074954 o 0.0
-22.603178 14.480688 x 0.1
-7.243998 -10.543392 o 0.2
28.816507 7.7063594 o 0.3
-20.713736 8.366396 x 0.4
-26.792025 18.738714 x 0.5
-26.642729 13.75039 x 0.6
17.95321 -6.3986206 o 0.7
-18.00012 -0.5918454 x 0.8
-15.907015 -1.6427592 x 0.9
13.338161 -10.818756 o 0.0
5.736165 -10.69181 x 0.1
-27.672327 20.808308 x 0.2
-19.136452 5.6993656 x 0.3
29.916752 10.752174 o 0.4
23.827171 -2.17266 o 0.5
30.612888 10.743321 o 0.6
-16.812412 -0.9161432 x 0.7
22.093502 -3.0831127 o 0.8
15.090924 -10.295375 o 0.9
7.36149 -11.703775 o 0.0
-17.089079 0.8016473 o 0.1
14.325647 -11.772268 o 0.2
23.821234 0.7274857 o 0.3
6.524617 -13.898547 o 0.4
16.852905 -6.843451 o 0.5
4.0221386 -13.955255 o 0.6
-4.4798446 -12.527871 o 0.7
10.156461 -9.941938 o 0.8
-17.737482 0.5147288 x 0.9
-22.48822 7.0940623 o 0.0
27.524946 6.0829797 o 0.1
14.472234 -10.649525 o 0.2
-25.599848 17.060377 x 0.3
-20.853409 9.235957 x 0.4
-4.4991765 -10.507813 o 0.5
-22.440617 17.20502 x 0.6
-8.240344 -10.527419 o 0.7
-20.165451 5.9503193 x 0.8
-2.314879 -13.543259 o 0.9
6.622537 -10.594361 o 0.0
16.062344 -9.263701 o 0.1
-14.301032 -4.850416 x 0.2
24.891794 4.556407 o 0.3
12.737205 -11.142593 o 0.4
21.977825 -2.2492764 o 0.5
-13.683049 -5.3686757 x 0.6
3.0990245 -14.460855 o 0.7
9.032386 -11.630792 x 0.8
-21.136795 9.806766 x 0.9
27.427387 7.893876 o 0.0
27.9663 6.6290374 o 0.1
16.830862 -5.89784 o 0.2
5.6484194 -13.533682 o 0.3
-24.107533 12.715026 o 0.4
-26.69865 20.407549 x 0.5
9.778248 -10.125118 o 0.6
-23.092247 14.295962 x 0.7
24.905144 1.7911813 o 0.8
-24.220201 13.148054 x 0.9
29.441938 8.490777 o 0.0
-25.924538 19.70704 x 0.1
13.588186 -8.462751 o 0.2
-6.47383 -10.637113 o 0.3
20.713953 -3.6124609 o 0.4
-10.907304 -8.656012 o 0.5
-20.172363 6.9754586 x 0.6
3.7094486 -12.296161 o 0.7
21.131302 -3.8657372 o 0.8
1.9252341 -13.974105 o 0.9
-14.207081 -4.397236 x 0.0
-21.405964 11.451721 o 0.1
-17.14254 -1.5236056 o 0.2
24.242338 2.4348385 o 0.3
20.18591 -5.4216495 o 0.4
-7.8577833 -8.564254 x 0.5
-23.392097 17.346823 x 0.6
-13.469396 -4.463747 o 0.7
-3.4597754 -12.789389 o 0.8
21.182142 -3.3527486 o 0.9
21.995289 -2.9855547 o 0.0
14.200544 -10.715358 x 0.1
-22.079338 10.027792 x 0.2
23.24648 1.566934 o 0.3
-16.541761 -1.6575506 x 0.4
29.926285 9.877918 o 0.5
27.11334 6.555458 o 0.6
14.013159 -12.049465 o 0.7
2.3819172 -13.269456 o 0.8
-13.307541 -7.0375304 o 0.9
-13.664345 -6.249385 x 0.0
6.141088 -12.501345 o 0.1
-18.800001 -0.36111325 x 0.2
4.364067 -12.1245365 o 0.3
-23.204714 9.259754 x 0.4
-1.2551395 -13.106775 o 0.5
-0.8784656 -12.617135 o 0.6
-12.947108 -5.9105935 o 0.7
23.471317 0.18309012 o 0.8
28.671263 9.313465 o 0.9
-23.065208 11.87633 o 0.0
25.193027 5.4669247 o 0.1
-20.74818 12.466766 o 0.2
28.468735 9.162027 o 0.3
-15.837145 -4.613391 o 0.4
-12.518115 -7.317969 x 0.5
-23.736753 17.39323 x 0.6
-14.273604 -3.7482536 x 0.7
-23.549877 8.669101 x 0.8
-20.220343 7.94371 x 0.9
29.004366 8.451637 o 0.0
1.925028 -11.078061 o 0.1
-17.15644 1.374332 o 0.2
3.3256893 -14.464526 o 0.3
-3.0756557 -13.202517 o 0.4
-10.389553 -7.1903563 x 0.5
3.716253 -14.472071 o 0.6
-15.440911 -0.5174244 o 0.7
27.021645 4.842373 o 0.8
-4.30717 -13.336591 o 0.9
28.617046 8.504105 o 0.0
12.865961 -11.461963 o 0.1
-4.9160094 -9.7882595 x 0.2
-12.9205265 -4.924651 x 0.3
-26.163094 14.128946 x 0.4
12.573034 -9.521611 o 0.5
-19.720724 6.465777 x 0.6
-18.937244 1.6190248 o 0.7
26.622814 4.74672 o 0.8
14.7689905 -8.736797 o 0.9
-0.11488073 -13.489776 x 0.0
-19.497267 4.5055494 x 0.1
-16.066784 -2.1510248 o 0.2
-17.975784 0.786999 x 0.3
4.4534926 -13.784023 o 0.4
10.506026 -11.893004 o 0.5
-20.21094 2.1659753 x 0.6
18.785795 -6.9459577 o 0.7
30.675852 9.855697 o 0.8
-7.315068 -11.615093 o 0.9
11.645816 -12.810221 o 0.0
-23.51255 13.879398 x 0.1
-14.175821 -5.1332726 x 0.2
7.211081 -10.885934 o 0.3
-25.762053 18.325016 x 0.4
26.907099 5.800156 o 0.5
11.016986 -11.784228 o 0.6
-7.9422293 -11.824917 x 0.7
1.6499773 -14.473873 x 0.8
27.692883 6.901871 o 0.9
25.7515 3.1421769 o 0.0
-7.713124 -9.2727585 x 0.1
-5.5033345 -10.891658 o 0.2
-21.716812 6.551089 x 0.3
15.267509 -9.769731 o 0.4
-23.856403 15.074976 x 0.5
-7.023855 -12.084719 o 0.6
-23.037617 14.779676 o 0.7
-19.95186 12.375169 x 0.8
9.529106 -10.731867 o 0.9
-18.929771 2.2077239 o 0.0
29.307388 8.749671 o 0.1
18.245974 -6.3298883 o 0.2
0.32572472 -14.441837 o 0.3
-25.228762 17.291662 x 0.4
17.014442 -4.8515043 o 0.5
-1.8842129 -12.155763 x 0.6
-24.632284 12.390705 x 0.7
-22.693426 9.072972 x 0.8
8.642912 -12.089792 o 0.9
-25.286737 15.141749 x 0.0
17.029333 -5.9926724 o 0.1
-19.778055 2.0272298 x 0.2
-0.89718145 -13.13707 x 0.3
28.295788 7.166939 o 0.4
29.934738 10.498258 o 0.5
-22.645323 13.186974 x 0.6
-26.239264 20.274178 o 0.7
-16.771605 -0.31630257 x 0.8
-11.661621 -7.5203857 o 0.9
17.066317 -7.099973 o 0.0
-23.243397 7.907089 x 0.1
-17.03375 0.47134948 o 0.2
-18.047373 1.3585516 x 0.3
4.9409184 -11.311568 o 0.4
-22.293339 12.807333 x 0.5
18.686981 -4.518503 o 0.6
-17.74736 0.3039378 x 0.7
-10.266807 -7.1210456 x 0.8
8.848396 -11.934644 o 0.9
-26.122425 19.364187 x 0.0
-12.783598 -6.8814554 x 0.1
-0.8012132 -14.003726 o 0.2
-20.413033 9.668053 x 0.3
28.834507 10.207514 o 0.4
12.745763 -9.200235 o 0.5
2.9722798 -13.044516 o 0.6
-15.468834 -2.9434588 x 0.7
15.7013645 -9.625386 o 0.8
-24.040813 13.356289 x 0.9
-17.308962 -0.0022423693 x 0.0
0.80001354 -14.731288 o 0.1
18.608486 -8.280524 o 0.2
-25.024904 19.573463 x 0.3
-12.166769 -5.4222326 x 0.4
-20.840889 10.4442005 x 0.5
-24.108269 14.138031 x 0.6
29.506012 11.232164 o 0.7
0.6831014 -14.100001 o 0.8
14.2835655 -11.340115 o 0.9
14.675774 -9.808783 o 0.0
12.291143 -11.635593 o 0.1
-19.58015 4.4215045 x 0.2
-22.125721 8.5492735 x 0.3
-27.243088 20.313828 x 0.4
-12.611376 -5.7747493 x 0.5
-16.834455 2.1453412 x 0.6
26.851385 5.9829416 o 0.7
6.689881 -11.063009 o 0.8
-11.140191 -7.2754116 x 0.9
27.143877 6.4134336 o 0.0
29.281721 9.51707 o 0.1
-27.017435 19.437275 x 0.2
20.448292 -3.9580104 x 0.3
-5.2439303 -10.904154 x 0.4
-16.368345 -1.5050266 x 0.5
15.723013 -8.214102 o 0.6
29.903257 9.344947 o 0.7
29.360922 9.980144 o 0.8
-25.220964 15.481658 x 0.9
6.997065 -13.187872 o 0.0
-23.411232 6.764025 x 0.1
15.253034 -8.769792 o 0.2
5.348464 -11.202179 o 0.3
1.7009115 -13.480276 o 0.4
-20.56401 4.735612 o 0.5
-24.356007 16.504377 o 0.6
25.45651 4.8587804 o 0.7
-23.720343 16.139174 o 0.8
0.09823896 -13.066463 o 0.9
9.822964 -9.882379 o 0.0
-13.77567 -5.147637 o 0.1
29.158293 10.0063095 o 0.2
21.409851 -3.184612 o 0.3
24.49381 4.7116175 o 0.4
17.746662 -7.0799794 o 0.5
27.415207 8.182067 o 0.6
-8.891745 -7.5461173 o 0.7
20.577845 -5.2255235 o 0.8
28.430887 7.8200145 o 0.9
-17.758505 1.6969882 x 0.0
30.967268 10.600181 o 0.1
26.178463 7.6096406 o 0.2
-21.895521 12.083057 x 0.3
12.247413 -7.8987837 o 0.4
-11.142159 -7.7604475 x 0.5
21.264095 -2.4054713 o 0.6
-20.054834 5.2389965 x 0.7
-11.154532 -8.809762 o 0.8
12.208061 -11.289012 o 0.9
18.182293 -5.332411 o 0.0
0.69636816 -13.465172 o 0.1
-21.486008 10.451059 x 0.2
-26.94114 14.874485 x 0.3
17.766281 -5.6186547 o 0.4
-16.403059 0.5328441 x 0.5
24.74739 2.7948074 o 0.6
27.31176 7.0372057 o 0.7
-24.95743 12.936661 x 0.8
24.319223 1.8142885 o 0.9
22.756704 -2.4740815 o 0.0
-20.901598 8.440441 o 0.1
-18.121933 -1.0350546 x 0.2
-22.157028 9.034102 o 0.3
16.226494 -6.4571075 o 0.4
24.365803 4.929686 o 0.5
30.65369 10.290167 o 0.6
-22.97931 18.099026 x 0.7
-20.828707 11.523466 o 0.8
8.855473 -11.368471 o 0.9
1.1901513 -11.069717 o 0.0
23.610802 2.328798 o 0.1
-27.864742 19.397856 x 0.2
22.981157 -2.8578925 o 0.3
-21.695164 8.391881 x 0.4
23.000748 -3.262049 o 0.5
-7.059183 -11.526449 o 0.6
-6.42703 -12.206675 o 0.7
-26.235044 18.575964 o 0.8
20.297726 -4.207904 o 0.9
-25.474232 19.133974 x 0.0
-22.454302 6.3615537 x 0.1
-0.6027597 -13.474079 o 0.2
-18.938747 0.9989498 o 0.3
-27.129276 20.551886 x 0.4
-8.92235 -8.969246 x 0.5
30.252253 9.42579 o 0.6
17.145508 -9.417241 o 0.7
23.777643 -2.5350645 o 0.8
-12.578397 -6.3443985 x 0.9
-26.86936 18.218046 x 0.0
9.631496 -12.228622 o 0.1
-25.381054 19.711481 x 0.2
-5.9784856 -11.67122 o 0.3
-19.31055 3.0041382 o 0.4
-23.9532 18.205833 x 0.5
16.48996 -7.769434 o 0.6
